
metadata <- list(
  dates = list(
    introduction = c("2019-03-04", "2020-06-22", "2021-06-15", "2022-03-01", "2023-01-16"),
    intermediate = c("2020-09-08", "2021-06-28", "2021-10-11", "2022-06-21"),
    advanced = c("2022-12-07")
  )
)
